00001110000000000000000000100110
00000010000111101111010000000001
00000100000000000111001110100000
00000010000111101111010000000001
00000100000000000111111110100000
00000000100011111000001110100000
00000010000111101111010000000110
00000010000111110111110000000001
00000100000000000000011111000000
00000010000111110111110000000001
00000100000100100000001111000000
00000010100000110000000001000000
00000100000100101000000011000000
00000001000100000001000010100000
01011110000000000000000000000010
00001110000000000000000000010001
00000010000111110111110000000001
00000100000100111000001111000000
00000010000001000001110000000001
00000010100001001000000001000001
00000000000001010010010011100000
00000100000000000010000101000000
00000010000001011001110000000001
00000010000111110111110000000010
00000100000000000010111111000000
00000010000111110111110000000010
00000100000101100000001111000000
00000000100000001000000110000000
00000010100001101000000000011111
00000000100011100000000110100000
00001110100000000000001111100011
00001110000000000000000000000001
00000000100011101000001111100000
00000100000111111000001110100000
00000010000011101111010000000001
00000100000111100000001110100000
00000010000011101111010000000001
00001100000000000000001110000000
00000010100011101000000000111111
00000000100011111000001110100000
00000010000111101111010000000110
00000010100000100000000000000101
00000010100000101000000000000000
00000010000111110111110000000001
00000100000000000001011111000000
00000010100011110000000001000000
00000100000000000001001111000000
00000010100000110000000000000000
00000000100000001000000011000000
00000010100000111000000000110100
00000000100011100000000011100000
00001110100000000000001111001110
00000010000111110111110000000001
00000100000101000000001111000000
00000010100001010000000001000000
00000100000101001000000101000000
00000001000100000010000100100000
01001110000000000000000000010010
00000010100001011000000001000001
00000000000001100010110100000000
00000100000101101000000110000000
00000010000111110111110000000010
00000100000000000011011111000000
00000010000111110111110000000010
00000100000101110000001111000000
00000000100000001000000111000000
00000000101000000000000000100000
00000010000111110111110000000001
00000100000101111000001111000000
00000010000010000011110000000001
00000010000111110111110000000001
00000100000000000100001111000000
00000010000111110111110000000001
00000100000000000100001111000000
00001110000000000000001111101010
00001110000000000000000000000001
00001110000000000000000000000000
00000000000000000000000000000000
00000000000000000000000000000000
00000000000000000000000000000000
00000000000000000000000000000000
00000000000000000000000000000000
00000000000000000000000000000000
00000000000000000000000000000000
00000000000000000000000000000000
00000000000000000000000000000000
00000000000000000000000000000000
00000000000000000000000000000000
00000000000000000000000000000000
00000000000000000000000000000000
00000000000000000000000000000000
00000000000000000000000000000000
00000000000000000000000000000000
00000000000000000000000000000000
00000000000000000000000000000000
00000000000000000000000000000000
00000000000000000000000000000000
00000000000000000000000000000000
00000000000000000000000000000000
00000000000000000000000000000000
00000000000000000000000000000000
00000000000000000000000000000000
00000000000000000000000000000000
00000000000000000000000000000000
00000000000000000000000000000000
00000000000000000000000000000000
00000000000000000000000000000000
00000000000000000000000000000000
00000000000000000000000000000000
00000000000000000000000000000000
00000000000000000000000000000000
00000000000000000000000000000000
00000000000000000000000000000000
00000000000000000000000000000000
00000000000000000000000000000000
00000000000000000000000000000000
00000000000000000000000000000000
00000000000000000000000000000000
00000000000000000000000000000000
00000000000000000000000000000000
00000000000000000000000000000000
00000000000000000000000000000000
00000000000000000000000000000000
00000000000000000000000000000000
00000000000000000000000000000000
00000000000000000000000000000000
00000000000000000000000000000000
00000000000000000000000000000000
00000000000000000000000000000000
00000000000000000000000000000000
00000000000000000000000000000000
00000000000000000000000000000000
00000000000000000000000000000000
00000000000000000000000000000000
00000000000000000000000000000000
00000000000000000000000000000000
00000000000000000000000000000000
00000000000000000000000000000000
00000000000000000000000000000000
00000000000000000000000000000000
00000000000000000000000000000000
00000000000000000000000000000000
00000000000000000000000000000000
00000000000000000000000000000000
00000000000000000000000000000000
00000000000000000000000000000000
00000000000000000000000000000000