00001110000000000000000000101000
00000010000111101111010000000001
00000100000000000111001110100000
00000010000111101111010000000001
00000100000000000111111110100000
00000000100011111000001110100000
00000010000111101111010000000101
00000010000111110111110000000001
00000100000000000000011111000000
00000010000111110111110000000001
00000100000100100000001111000000
00000010100000101000000000000010
00000001000100000001000010100000
01001110000000000000000000000100
00000010100000110000000000000001
00000000100000000000000011000000
00001110000000000000000000010010
00000010000111110111110000000001
00000100000100111000001111000000
00000010000101000001110000000001
00000010000111110111110000000010
00000100000000000010001111000000
00000010000111110111110000000010
00000100000101001000001111000000
00000000100000001000000100100000
00000010100001010000000000011100
00000000100011100000000101000000
00001110100000000000001111100110
00000000100001011000000000000000
00000010000111110111110000000001
00000100000101100000001111000000
00000000001001101011000101100000
00000000100000000000000110100000
00001110000000000000000000000001
00000000100011101000001111100000
00000100000111111000001110100000
00000010000011101111010000000001
00000100000111100000001110100000
00000010000011101111010000000001
00001100000000000000001110000000
00000010100011101000000000111111
00000000100011111000001110100000
00000010000111101111010000000010
00000010100000100000000000000101
00000000100000001000000010000000
00000010100000101000000000110000
00000000100011100000000010100000
00001110100000000000001111010010
00000000100000110000000000000000
00000010000111110111110000000001
00000100000000000001101111000000
00000010000111110111110000000001
00000100000000000001101111000000
00000010000111110111110000000001
00000100000100111000001111000000
00000000100000001000000011100000
00000000101000000000000000100000
00001110000000000000000000000001
00001110000000000000000000000000
00000000000000000000000000000000
00000000000000000000000000000000
00000000000000000000000000000000
00000000000000000000000000000000
00000000000000000000000000000000
00000000000000000000000000000000
00000000000000000000000000000000
00000000000000000000000000000000
00000000000000000000000000000000
00000000000000000000000000000000
00000000000000000000000000000000
00000000000000000000000000000000
00000000000000000000000000000000
00000000000000000000000000000000
00000000000000000000000000000000
00000000000000000000000000000000
00000000000000000000000000000000
00000000000000000000000000000000
00000000000000000000000000000000
00000000000000000000000000000000
00000000000000000000000000000000
00000000000000000000000000000000
00000000000000000000000000000000
00000000000000000000000000000000
00000000000000000000000000000000
00000000000000000000000000000000
00000000000000000000000000000000
00000000000000000000000000000000
00000000000000000000000000000000
00000000000000000000000000000000
00000000000000000000000000000000
00000000000000000000000000000000
00000000000000000000000000000000
00000000000000000000000000000000
00000000000000000000000000000000
00000000000000000000000000000000
00000000000000000000000000000000
00000000000000000000000000000000
00000000000000000000000000000000
00000000000000000000000000000000
00000000000000000000000000000000
00000000000000000000000000000000
00000000000000000000000000000000
00000000000000000000000000000000
00000000000000000000000000000000
00000000000000000000000000000000
00000000000000000000000000000000
00000000000000000000000000000000
00000000000000000000000000000000
00000000000000000000000000000000
00000000000000000000000000000000
00000000000000000000000000000000
00000000000000000000000000000000
00000000000000000000000000000000
00000000000000000000000000000000
00000000000000000000000000000000
00000000000000000000000000000000
00000000000000000000000000000000
00000000000000000000000000000000
00000000000000000000000000000000
00000000000000000000000000000000
00000000000000000000000000000000
00000000000000000000000000000000
00000000000000000000000000000000